wall;87.4;46.4;87.4;418.4;1
wall;87.4;418.4;612.4;418.4;2
wall;612.4;195.4;612.4;46.4;3
wall;612.4;46.4;87.4;46.4;4
wall;612.4;251.4;612.4;418.4;5
wall;609.4;161.4;470.4;161.4;6
wall;412.4;161.4;361.4;161.4;7
wall;361.4;161.4;361.4;49.4;8
wall;361.4;161.4;306.4;161.4;9
wall;247.4;161.4;86.4;161.4;10
wall;608.4;281.4;489.4;282.4;11
wall;429.4;281.4;361.4;281.4;12
wall;429.4;281.4;429.4;417.4;13
wall;361.4;161.4;360.4;195.4;14
wall;361.4;281.4;361.4;252.4;15
wall;88.4;252.39999999999998;155.4;252.39999999999998;16
wall;174.4;418.4;174.4;389.4;17
wall;210.4;251.4;211.4;332.4;18
wall;211.4;332.4;88.4;332.4;19
lamp;123.4;80.4;R;1
lamp;360.4;355.4;Y;2
lamp;525.4;81.4;G;3
thermo;533.4;353.4;1;1
thermo;277.4;353.4;2;2
thermo;113.4;182.4;3;3